image: map_converted.pgm
resolution: 4.00000
origin: [-8000.000000, -8000.000000, 0.000000]
negate: 0
occupied_thresh: 0.65
free_thresh: 0.196

